************** InOrder *****************
-3(1) 0(1) 1(2) 3(1) 4(1) 5(1) 7(1) 8(2) 10(1) 11(1) 12(1) 15(1) 22(1) 27(1) 53(1) 101(1)
************** PreOrder *****************
11(1) 8(2) 4(1) 3(1) 1(2) 0(1) -3(1) 7(1) 5(1) 10(1) 15(1) 12(1) 53(1) 22(1) 27(1) 101(1)
************** PostOrder *****************
8(2) 4(1) 3(1) 1(2) 0(1) -3(1) 7(1) 5(1) 10(1) 15(1) 12(1) 53(1) 22(1) 27(1) 101(1) 11(1)
************** BreadthFirst *****************
 11 8 15 4 10 12 53 3 7 22 101 1 5 27 0 -3
********** Test Other Methods *************
Number 22 in tree?  true
Number 1 in tree?  true
Deleting number 1
Number 1 in tree?  false
************** InOrder (No 1's)*****************
-3(1) 0(1) 3(1) 4(1) 5(1) 7(1) 8(2) 10(1) 11(1) 12(1) 15(1) 22(1) 27(1) 53(1) 101(1)
Process finished with exit code 0